1 2 240
2 1 240
1 3 210
3 1 210
1 4 340
4 1 340
5 1 280
1 5 280
6 1 200
1 6 200
1 7 345
7 1 345
1 8 120
8 1 120
2 3 265
3 2 265 
2 4 175
4 2 175
5 2 215
2 5 215
2 6 180
6 2 180
2 7 185
7 2 185 
2 8 155
8 2 155   
3 4 260
4 3 260
3 5 115
5 3 115
6 3 350
3 6 350
7 3 435
3 7 435
3 8 195
8 3 195
4 5 160
5 4 160
4 6 330
6 4 330
4 7 295
7 4 295
4 8 230
8 4 230
5 6 360
6 5 360
7 5 400
5 7 400
8 5 170
5 8 170
6 7 175
7 6 175
6 8 205
8 6 205
7 8 305
8 7 305
